Generalized linear mixed model fit by maximum likelihood (Laplace Approximation) [
glmerMod]
 Family: binomial  ( logit )
Formula: Probe.ACC ~ Condition * CueClass * Probe + (1 | Subject) + (1 |  
    ProbeType)
   Data: dat.acc

     AIC      BIC   logLik deviance df.resid 
 11756.0  11829.5  -5868.0  11736.0    11477 

Scaled residuals: 
    Min      1Q  Median      3Q     Max 
-6.1560  0.2463  0.4490  0.5728  1.3983 

Random effects:
 Groups    Name        Variance Std.Dev.
 Subject   (Intercept) 0.3317   0.5760  
 ProbeType (Intercept) 0.1641   0.4051  
Number of obs: 11487, groups:  Subject, 70; ProbeType, 12

Fixed effects:
                             Estimate Std. Error z value Pr(>|z|)    
(Intercept)                  1.341292   0.144500   9.282  < 2e-16 ***
Condition1                  -0.114668   0.097380  -1.178    0.239    
CueClass1                    0.031236   0.025413   1.229    0.219    
Probe1                      -0.006738   0.126643  -0.053    0.958    
Condition1:CueClass1        -0.039220   0.025410  -1.544    0.123    
Condition1:Probe1            0.024243   0.076026   0.319    0.750    
CueClass1:Probe1            -0.125735   0.025412  -4.948  7.5e-07 ***
Condition1:CueClass1:Probe1  0.003784   0.025408   0.149    0.882    
---
Signif. codes:  0 ‘***’ 0.001 ‘**’ 0.01 ‘*’ 0.05 ‘.’ 0.1 ‘ ’ 1

Correlation of Fixed Effects:
            (Intr) Cndtn1 CClss1 Probe1 Cn1:CC1 Cn1:P1 CC1:P1
Condition1  -0.041                                           
CueClass1    0.006 -0.011                                    
Probe1      -0.279  0.000 -0.011                             
Cndtn1:CCl1 -0.006  0.011 -0.418  0.005                      
Cndtn1:Prb1  0.000  0.697  0.008 -0.028 -0.017               
CClss1:Prb1 -0.010  0.005  0.039  0.007  0.010  -0.011       
Cnd1:CC1:P1  0.004 -0.013  0.010 -0.007  0.040   0.011 -0.418
[1] "________________________________________________________________________________________________"
$Subject
    (Intercept) Condition1  CueClass1       Probe1 Condition1:CueClass1
3     1.1734423 -0.1146677 0.03123586 -0.006738158          -0.03922032
6     1.6813114 -0.1146677 0.03123586 -0.006738158          -0.03922032
8     0.9830635 -0.1146677 0.03123586 -0.006738158          -0.03922032
10    1.8022552 -0.1146677 0.03123586 -0.006738158          -0.03922032
12    1.2505250 -0.1146677 0.03123586 -0.006738158          -0.03922032
13    0.4347303 -0.1146677 0.03123586 -0.006738158          -0.03922032
15    0.8101917 -0.1146677 0.03123586 -0.006738158          -0.03922032
16    0.9086874 -0.1146677 0.03123586 -0.006738158          -0.03922032
17    0.7617237 -0.1146677 0.03123586 -0.006738158          -0.03922032
18    2.3628062 -0.1146677 0.03123586 -0.006738158          -0.03922032
19    0.7483388 -0.1146677 0.03123586 -0.006738158          -0.03922032
20    1.4411200 -0.1146677 0.03123586 -0.006738158          -0.03922032
24    0.5982401 -0.1146677 0.03123586 -0.006738158          -0.03922032
27    0.9513232 -0.1146677 0.03123586 -0.006738158          -0.03922032
28    2.1811563 -0.1146677 0.03123586 -0.006738158          -0.03922032
29    1.4809886 -0.1146677 0.03123586 -0.006738158          -0.03922032
30    0.7850078 -0.1146677 0.03123586 -0.006738158          -0.03922032
33    1.3316148 -0.1146677 0.03123586 -0.006738158          -0.03922032
37    0.9628175 -0.1146677 0.03123586 -0.006738158          -0.03922032
39    1.4992618 -0.1146677 0.03123586 -0.006738158          -0.03922032
40    0.9794756 -0.1146677 0.03123586 -0.006738158          -0.03922032
41    1.9179642 -0.1146677 0.03123586 -0.006738158          -0.03922032
43    0.7040184 -0.1146677 0.03123586 -0.006738158          -0.03922032
44    1.3000137 -0.1146677 0.03123586 -0.006738158          -0.03922032
45    1.1100241 -0.1146677 0.03123586 -0.006738158          -0.03922032
47    3.1586825 -0.1146677 0.03123586 -0.006738158          -0.03922032
48    1.6338122 -0.1146677 0.03123586 -0.006738158          -0.03922032
49    1.2554731 -0.1146677 0.03123586 -0.006738158          -0.03922032
50    1.0274373 -0.1146677 0.03123586 -0.006738158          -0.03922032
51    2.1163545 -0.1146677 0.03123586 -0.006738158          -0.03922032
52    1.3446637 -0.1146677 0.03123586 -0.006738158          -0.03922032
53    1.2100830 -0.1146677 0.03123586 -0.006738158          -0.03922032
55    1.1839496 -0.1146677 0.03123586 -0.006738158          -0.03922032
56    1.5760003 -0.1146677 0.03123586 -0.006738158          -0.03922032
57    0.5727015 -0.1146677 0.03123586 -0.006738158          -0.03922032
58    1.3356301 -0.1146677 0.03123586 -0.006738158          -0.03922032
59    1.2038368 -0.1146677 0.03123586 -0.006738158          -0.03922032
60    1.9658903 -0.1146677 0.03123586 -0.006738158          -0.03922032
61    1.4143707 -0.1146677 0.03123586 -0.006738158          -0.03922032
62    0.6647108 -0.1146677 0.03123586 -0.006738158          -0.03922032
63    2.1755976 -0.1146677 0.03123586 -0.006738158          -0.03922032
64    2.0275691 -0.1146677 0.03123586 -0.006738158          -0.03922032
66    1.5850519 -0.1146677 0.03123586 -0.006738158          -0.03922032
67    2.2036431 -0.1146677 0.03123586 -0.006738158          -0.03922032
69    0.8097631 -0.1146677 0.03123586 -0.006738158          -0.03922032
70    1.7395352 -0.1146677 0.03123586 -0.006738158          -0.03922032
71    0.8686328 -0.1146677 0.03123586 -0.006738158          -0.03922032
72    1.1124975 -0.1146677 0.03123586 -0.006738158          -0.03922032
73    1.9470617 -0.1146677 0.03123586 -0.006738158          -0.03922032
77    1.4717706 -0.1146677 0.03123586 -0.006738158          -0.03922032
80    2.2869591 -0.1146677 0.03123586 -0.006738158          -0.03922032
83    1.1059507 -0.1146677 0.03123586 -0.006738158          -0.03922032
84    1.1958301 -0.1146677 0.03123586 -0.006738158          -0.03922032
85    1.3504409 -0.1146677 0.03123586 -0.006738158          -0.03922032
87    0.9156316 -0.1146677 0.03123586 -0.006738158          -0.03922032
90    1.0089052 -0.1146677 0.03123586 -0.006738158          -0.03922032
91    1.9049712 -0.1146677 0.03123586 -0.006738158          -0.03922032
92    0.4661967 -0.1146677 0.03123586 -0.006738158          -0.03922032
93    0.8659122 -0.1146677 0.03123586 -0.006738158          -0.03922032
94    1.3625059 -0.1146677 0.03123586 -0.006738158          -0.03922032
95    2.4733899 -0.1146677 0.03123586 -0.006738158          -0.03922032
96    1.6524859 -0.1146677 0.03123586 -0.006738158          -0.03922032
98    1.2691218 -0.1146677 0.03123586 -0.006738158          -0.03922032
99    1.0270045 -0.1146677 0.03123586 -0.006738158          -0.03922032
101   1.1104275 -0.1146677 0.03123586 -0.006738158          -0.03922032
103   1.0651839 -0.1146677 0.03123586 -0.006738158          -0.03922032
104   1.4636614 -0.1146677 0.03123586 -0.006738158          -0.03922032
105   1.5730288 -0.1146677 0.03123586 -0.006738158          -0.03922032
110   1.0580340 -0.1146677 0.03123586 -0.006738158          -0.03922032
162   0.7409152 -0.1146677 0.03123586 -0.006738158          -0.03922032
    Condition1:Probe1 CueClass1:Probe1 Condition1:CueClass1:Probe1
3           0.0242427       -0.1257346                 0.003784139
6           0.0242427       -0.1257346                 0.003784139
8           0.0242427       -0.1257346                 0.003784139
10          0.0242427       -0.1257346                 0.003784139
12          0.0242427       -0.1257346                 0.003784139
13          0.0242427       -0.1257346                 0.003784139
15          0.0242427       -0.1257346                 0.003784139
16          0.0242427       -0.1257346                 0.003784139
17          0.0242427       -0.1257346                 0.003784139
18          0.0242427       -0.1257346                 0.003784139
19          0.0242427       -0.1257346                 0.003784139
20          0.0242427       -0.1257346                 0.003784139
24          0.0242427       -0.1257346                 0.003784139
27          0.0242427       -0.1257346                 0.003784139
28          0.0242427       -0.1257346                 0.003784139
29          0.0242427       -0.1257346                 0.003784139
30          0.0242427       -0.1257346                 0.003784139
33          0.0242427       -0.1257346                 0.003784139
37          0.0242427       -0.1257346                 0.003784139
39          0.0242427       -0.1257346                 0.003784139
40          0.0242427       -0.1257346                 0.003784139
41          0.0242427       -0.1257346                 0.003784139
43          0.0242427       -0.1257346                 0.003784139
44          0.0242427       -0.1257346                 0.003784139
45          0.0242427       -0.1257346                 0.003784139
47          0.0242427       -0.1257346                 0.003784139
48          0.0242427       -0.1257346                 0.003784139
49          0.0242427       -0.1257346                 0.003784139
50          0.0242427       -0.1257346                 0.003784139
51          0.0242427       -0.1257346                 0.003784139
52          0.0242427       -0.1257346                 0.003784139
53          0.0242427       -0.1257346                 0.003784139
55          0.0242427       -0.1257346                 0.003784139
56          0.0242427       -0.1257346                 0.003784139
57          0.0242427       -0.1257346                 0.003784139
58          0.0242427       -0.1257346                 0.003784139
59          0.0242427       -0.1257346                 0.003784139
60          0.0242427       -0.1257346                 0.003784139
61          0.0242427       -0.1257346                 0.003784139
62          0.0242427       -0.1257346                 0.003784139
63          0.0242427       -0.1257346                 0.003784139
64          0.0242427       -0.1257346                 0.003784139
66          0.0242427       -0.1257346                 0.003784139
67          0.0242427       -0.1257346                 0.003784139
69          0.0242427       -0.1257346                 0.003784139
70          0.0242427       -0.1257346                 0.003784139
71          0.0242427       -0.1257346                 0.003784139
72          0.0242427       -0.1257346                 0.003784139
73          0.0242427       -0.1257346                 0.003784139
77          0.0242427       -0.1257346                 0.003784139
80          0.0242427       -0.1257346                 0.003784139
83          0.0242427       -0.1257346                 0.003784139
84          0.0242427       -0.1257346                 0.003784139
85          0.0242427       -0.1257346                 0.003784139
87          0.0242427       -0.1257346                 0.003784139
90          0.0242427       -0.1257346                 0.003784139
91          0.0242427       -0.1257346                 0.003784139
92          0.0242427       -0.1257346                 0.003784139
93          0.0242427       -0.1257346                 0.003784139
94          0.0242427       -0.1257346                 0.003784139
95          0.0242427       -0.1257346                 0.003784139
96          0.0242427       -0.1257346                 0.003784139
98          0.0242427       -0.1257346                 0.003784139
99          0.0242427       -0.1257346                 0.003784139
101         0.0242427       -0.1257346                 0.003784139
103         0.0242427       -0.1257346                 0.003784139
104         0.0242427       -0.1257346                 0.003784139
105         0.0242427       -0.1257346                 0.003784139
110         0.0242427       -0.1257346                 0.003784139
162         0.0242427       -0.1257346                 0.003784139

$ProbeType
                 (Intercept) Condition1  CueClass1       Probe1
absneut3.bmp       1.7846858 -0.1146677 0.03123586 -0.006738158
banana.bmp         1.4792907 -0.1146677 0.03123586 -0.006738158
giraffe.bmp        1.6345817 -0.1146677 0.03123586 -0.006738158
gripstrength.bmp   0.4317349 -0.1146677 0.03123586 -0.006738158
TOOL1.bmp          0.6755015 -0.1146677 0.03123586 -0.006738158
TOOL2.bmp          1.7138685 -0.1146677 0.03123586 -0.006738158
TOOL3.bmp          1.5867243 -0.1146677 0.03123586 -0.006738158
TOOL4.bmp          1.3459183 -0.1146677 0.03123586 -0.006738158
WEAPON1.bmp        1.2765438 -0.1146677 0.03123586 -0.006738158
WEAPON2.bmp        1.2185787 -0.1146677 0.03123586 -0.006738158
WEAPON3.bmp        1.4217457 -0.1146677 0.03123586 -0.006738158
WEAPON4.bmp        1.4130018 -0.1146677 0.03123586 -0.006738158
                 Condition1:CueClass1 Condition1:Probe1 CueClass1:Probe1
absneut3.bmp              -0.03922032         0.0242427       -0.1257346
banana.bmp                -0.03922032         0.0242427       -0.1257346
giraffe.bmp               -0.03922032         0.0242427       -0.1257346
gripstrength.bmp          -0.03922032         0.0242427       -0.1257346
TOOL1.bmp                 -0.03922032         0.0242427       -0.1257346
TOOL2.bmp                 -0.03922032         0.0242427       -0.1257346
TOOL3.bmp                 -0.03922032         0.0242427       -0.1257346
TOOL4.bmp                 -0.03922032         0.0242427       -0.1257346
WEAPON1.bmp               -0.03922032         0.0242427       -0.1257346
WEAPON2.bmp               -0.03922032         0.0242427       -0.1257346
WEAPON3.bmp               -0.03922032         0.0242427       -0.1257346
WEAPON4.bmp               -0.03922032         0.0242427       -0.1257346
                 Condition1:CueClass1:Probe1
absneut3.bmp                     0.003784139
banana.bmp                       0.003784139
giraffe.bmp                      0.003784139
gripstrength.bmp                 0.003784139
TOOL1.bmp                        0.003784139
TOOL2.bmp                        0.003784139
TOOL3.bmp                        0.003784139
TOOL4.bmp                        0.003784139
WEAPON1.bmp                      0.003784139
WEAPON2.bmp                      0.003784139
WEAPON3.bmp                      0.003784139
WEAPON4.bmp                      0.003784139

attr(,"class")
[1] "coef.mer"
