Linear mixed model fit by REML t-tests use Satterthwaite approximations to
  degrees of freedom [lmerMod]
Formula: Probe.RT ~ Condition * CueClass * Probe + (1 + Probe | Subject) +  
    (1 | ProbeType)
   Data: dat.rt

REML criterion at convergence: 119156.2

Scaled residuals: 
    Min      1Q  Median      3Q     Max 
-4.9869 -0.5552 -0.0125  0.5621  4.6076 

Random effects:
 Groups    Name        Variance Std.Dev. Corr 
 Subject   (Intercept) 1036.2   32.19         
           ProbeWeapon  405.0   20.12    -0.18
 ProbeType (Intercept)  125.4   11.20         
 Residual              6645.8   81.52         
Number of obs: 10212, groups:  Subject, 70; ProbeType, 12

Fixed effects:
                              Estimate Std. Error         df t value Pr(>|t|)    
(Intercept)                   411.8934     5.2125    33.0000  79.020  < 2e-16 ***
Condition1                    -15.3729     3.7298    73.0000  -4.122 9.86e-05 ***
CueClass1                       2.6528     0.8753 10082.0000   3.031  0.00245 ** 
Probe1                         16.2289     3.7401    11.0000   4.339  0.00131 ** 
Condition1:CueClass1           -0.2570     0.8752 10082.0000  -0.294  0.76908    
Condition1:Probe1               4.1057     2.4519    17.0000   1.674  0.11220    
CueClass1:Probe1                3.4165     0.8754 10079.0000   3.903 9.58e-05 ***
Condition1:CueClass1:Probe1    -0.2678     0.8754 10078.0000  -0.306  0.75969    
---
Signif. codes:  0 ‘***’ 0.001 ‘**’ 0.01 ‘*’ 0.05 ‘.’ 0.1 ‘ ’ 1

Correlation of Fixed Effects:
            (Intr) Cndtn1 CClss1 Probe1 Cn1:CC1 Cn1:P1 CC1:P1
Condition1  -0.047                                           
CueClass1   -0.002  0.005                                    
Probe1      -0.233  0.001  0.006                             
Cndtn1:CCl1  0.002 -0.005 -0.384 -0.002                      
Cndtn1:Prb1  0.002  0.388 -0.002 -0.042  0.008               
CClss1:Prb1  0.004  0.004 -0.003 -0.003 -0.003   0.004       
Cnd1:CC1:P1 -0.001  0.000 -0.003  0.002 -0.003  -0.004 -0.384
[1] "________________________________________________________________________________________________"
$Subject
    ProbeWeapon (Intercept) Condition1 CueClass1   Probe1 Condition1:CueClass1
3    10.3010203    429.3838  -15.37291  2.652783 16.22891           -0.2569572
6    22.6230827    409.1041  -15.37291  2.652783 16.22891           -0.2569572
8   -51.0366586    465.4572  -15.37291  2.652783 16.22891           -0.2569572
10  -16.2648405    434.1073  -15.37291  2.652783 16.22891           -0.2569572
12  -25.2900939    446.8064  -15.37291  2.652783 16.22891           -0.2569572
13  -22.7003077    349.0606  -15.37291  2.652783 16.22891           -0.2569572
15   -4.7200938    390.4702  -15.37291  2.652783 16.22891           -0.2569572
16   -6.5606071    388.2443  -15.37291  2.652783 16.22891           -0.2569572
17  -12.7736221    412.7997  -15.37291  2.652783 16.22891           -0.2569572
18   29.8531186    442.8897  -15.37291  2.652783 16.22891           -0.2569572
19   11.6649700    369.8516  -15.37291  2.652783 16.22891           -0.2569572
20   -0.2623759    378.7200  -15.37291  2.652783 16.22891           -0.2569572
24    3.0932166    386.6786  -15.37291  2.652783 16.22891           -0.2569572
27    1.3638684    385.8549  -15.37291  2.652783 16.22891           -0.2569572
28   -3.5925631    429.1132  -15.37291  2.652783 16.22891           -0.2569572
29  -18.6791024    447.6026  -15.37291  2.652783 16.22891           -0.2569572
30   -8.7182589    340.4737  -15.37291  2.652783 16.22891           -0.2569572
33    6.6503493    363.7914  -15.37291  2.652783 16.22891           -0.2569572
37   17.6822256    418.2092  -15.37291  2.652783 16.22891           -0.2569572
39    3.9199752    413.7647  -15.37291  2.652783 16.22891           -0.2569572
40  -10.3021463    408.9164  -15.37291  2.652783 16.22891           -0.2569572
41    1.1027074    426.7074  -15.37291  2.652783 16.22891           -0.2569572
43   27.8274901    365.3763  -15.37291  2.652783 16.22891           -0.2569572
44   -5.1583881    461.2236  -15.37291  2.652783 16.22891           -0.2569572
45   -4.7581075    424.3703  -15.37291  2.652783 16.22891           -0.2569572
47   37.9659497    413.8418  -15.37291  2.652783 16.22891           -0.2569572
48   -3.2547261    423.1761  -15.37291  2.652783 16.22891           -0.2569572
49    4.5569149    408.2722  -15.37291  2.652783 16.22891           -0.2569572
50    4.2637805    393.7807  -15.37291  2.652783 16.22891           -0.2569572
51    0.7495917    403.0222  -15.37291  2.652783 16.22891           -0.2569572
52    4.6095292    416.9469  -15.37291  2.652783 16.22891           -0.2569572
53   10.1619113    448.2011  -15.37291  2.652783 16.22891           -0.2569572
55   24.3568303    366.5045  -15.37291  2.652783 16.22891           -0.2569572
56   -5.8525827    368.1781  -15.37291  2.652783 16.22891           -0.2569572
57   14.7937462    451.9851  -15.37291  2.652783 16.22891           -0.2569572
58  -18.2737068    443.5599  -15.37291  2.652783 16.22891           -0.2569572
59    3.6228682    417.7805  -15.37291  2.652783 16.22891           -0.2569572
60   -0.4565078    420.1680  -15.37291  2.652783 16.22891           -0.2569572
61    7.7835914    440.3845  -15.37291  2.652783 16.22891           -0.2569572
62  -19.2568846    429.3253  -15.37291  2.652783 16.22891           -0.2569572
63   24.5111047    426.9719  -15.37291  2.652783 16.22891           -0.2569572
64   -3.1163781    390.2703  -15.37291  2.652783 16.22891           -0.2569572
66    1.7052026    412.9434  -15.37291  2.652783 16.22891           -0.2569572
67   20.1277227    430.6345  -15.37291  2.652783 16.22891           -0.2569572
69  -24.5795168    396.4580  -15.37291  2.652783 16.22891           -0.2569572
70    4.6114784    446.6438  -15.37291  2.652783 16.22891           -0.2569572
71  -11.2098961    345.8999  -15.37291  2.652783 16.22891           -0.2569572
72    2.9813687    458.7690  -15.37291  2.652783 16.22891           -0.2569572
73   17.1156354    424.0076  -15.37291  2.652783 16.22891           -0.2569572
77    4.8981649    421.5683  -15.37291  2.652783 16.22891           -0.2569572
80   -6.4397027    445.6580  -15.37291  2.652783 16.22891           -0.2569572
83   -3.7139437    400.3109  -15.37291  2.652783 16.22891           -0.2569572
84   -1.1011025    423.4399  -15.37291  2.652783 16.22891           -0.2569572
85   21.2129238    444.7211  -15.37291  2.652783 16.22891           -0.2569572
87   20.6118467    371.1196  -15.37291  2.652783 16.22891           -0.2569572
90   -4.8085678    418.3408  -15.37291  2.652783 16.22891           -0.2569572
91   16.1092909    416.6900  -15.37291  2.652783 16.22891           -0.2569572
92  -42.3844278    438.3219  -15.37291  2.652783 16.22891           -0.2569572
93    7.4880475    398.1778  -15.37291  2.652783 16.22891           -0.2569572
94  -19.5295984    402.6167  -15.37291  2.652783 16.22891           -0.2569572
95   -2.4534349    399.0036  -15.37291  2.652783 16.22891           -0.2569572
96   22.0889291    439.2354  -15.37291  2.652783 16.22891           -0.2569572
98   -9.7781990    405.8178  -15.37291  2.652783 16.22891           -0.2569572
99   -4.5464085    379.6326  -15.37291  2.652783 16.22891           -0.2569572
101 -25.4796268    385.3890  -15.37291  2.652783 16.22891           -0.2569572
103  13.7300723    393.5284  -15.37291  2.652783 16.22891           -0.2569572
104 -16.4897111    499.9555  -15.37291  2.652783 16.22891           -0.2569572
105   5.3029865    381.1795  -15.37291  2.652783 16.22891           -0.2569572
110   1.0114194    391.6687  -15.37291  2.652783 16.22891           -0.2569572
162 -18.9108430    409.4597  -15.37291  2.652783 16.22891           -0.2569572
    Condition1:Probe1 CueClass1:Probe1 Condition1:CueClass1:Probe1
3            4.105679          3.41648                   -0.267777
6            4.105679          3.41648                   -0.267777
8            4.105679          3.41648                   -0.267777
10           4.105679          3.41648                   -0.267777
12           4.105679          3.41648                   -0.267777
13           4.105679          3.41648                   -0.267777
15           4.105679          3.41648                   -0.267777
16           4.105679          3.41648                   -0.267777
17           4.105679          3.41648                   -0.267777
18           4.105679          3.41648                   -0.267777
19           4.105679          3.41648                   -0.267777
20           4.105679          3.41648                   -0.267777
24           4.105679          3.41648                   -0.267777
27           4.105679          3.41648                   -0.267777
28           4.105679          3.41648                   -0.267777
29           4.105679          3.41648                   -0.267777
30           4.105679          3.41648                   -0.267777
33           4.105679          3.41648                   -0.267777
37           4.105679          3.41648                   -0.267777
39           4.105679          3.41648                   -0.267777
40           4.105679          3.41648                   -0.267777
41           4.105679          3.41648                   -0.267777
43           4.105679          3.41648                   -0.267777
44           4.105679          3.41648                   -0.267777
45           4.105679          3.41648                   -0.267777
47           4.105679          3.41648                   -0.267777
48           4.105679          3.41648                   -0.267777
49           4.105679          3.41648                   -0.267777
50           4.105679          3.41648                   -0.267777
51           4.105679          3.41648                   -0.267777
52           4.105679          3.41648                   -0.267777
53           4.105679          3.41648                   -0.267777
55           4.105679          3.41648                   -0.267777
56           4.105679          3.41648                   -0.267777
57           4.105679          3.41648                   -0.267777
58           4.105679          3.41648                   -0.267777
59           4.105679          3.41648                   -0.267777
60           4.105679          3.41648                   -0.267777
61           4.105679          3.41648                   -0.267777
62           4.105679          3.41648                   -0.267777
63           4.105679          3.41648                   -0.267777
64           4.105679          3.41648                   -0.267777
66           4.105679          3.41648                   -0.267777
67           4.105679          3.41648                   -0.267777
69           4.105679          3.41648                   -0.267777
70           4.105679          3.41648                   -0.267777
71           4.105679          3.41648                   -0.267777
72           4.105679          3.41648                   -0.267777
73           4.105679          3.41648                   -0.267777
77           4.105679          3.41648                   -0.267777
80           4.105679          3.41648                   -0.267777
83           4.105679          3.41648                   -0.267777
84           4.105679          3.41648                   -0.267777
85           4.105679          3.41648                   -0.267777
87           4.105679          3.41648                   -0.267777
90           4.105679          3.41648                   -0.267777
91           4.105679          3.41648                   -0.267777
92           4.105679          3.41648                   -0.267777
93           4.105679          3.41648                   -0.267777
94           4.105679          3.41648                   -0.267777
95           4.105679          3.41648                   -0.267777
96           4.105679          3.41648                   -0.267777
98           4.105679          3.41648                   -0.267777
99           4.105679          3.41648                   -0.267777
101          4.105679          3.41648                   -0.267777
103          4.105679          3.41648                   -0.267777
104          4.105679          3.41648                   -0.267777
105          4.105679          3.41648                   -0.267777
110          4.105679          3.41648                   -0.267777
162          4.105679          3.41648                   -0.267777

$ProbeType
                 ProbeWeapon (Intercept) Condition1 CueClass1   Probe1
absneut3.bmp               0    402.5722  -15.37291  2.652783 16.22891
banana.bmp                 0    403.9150  -15.37291  2.652783 16.22891
giraffe.bmp                0    409.5755  -15.37291  2.652783 16.22891
gripstrength.bmp           0    431.5108  -15.37291  2.652783 16.22891
TOOL1.bmp                  0    429.8184  -15.37291  2.652783 16.22891
TOOL2.bmp                  0    405.6978  -15.37291  2.652783 16.22891
TOOL3.bmp                  0    403.6147  -15.37291  2.652783 16.22891
TOOL4.bmp                  0    408.4426  -15.37291  2.652783 16.22891
WEAPON1.bmp                0    414.4202  -15.37291  2.652783 16.22891
WEAPON2.bmp                0    417.2347  -15.37291  2.652783 16.22891
WEAPON3.bmp                0    407.5575  -15.37291  2.652783 16.22891
WEAPON4.bmp                0    408.3611  -15.37291  2.652783 16.22891
                 Condition1:CueClass1 Condition1:Probe1 CueClass1:Probe1
absneut3.bmp               -0.2569572          4.105679          3.41648
banana.bmp                 -0.2569572          4.105679          3.41648
giraffe.bmp                -0.2569572          4.105679          3.41648
gripstrength.bmp           -0.2569572          4.105679          3.41648
TOOL1.bmp                  -0.2569572          4.105679          3.41648
TOOL2.bmp                  -0.2569572          4.105679          3.41648
TOOL3.bmp                  -0.2569572          4.105679          3.41648
TOOL4.bmp                  -0.2569572          4.105679          3.41648
WEAPON1.bmp                -0.2569572          4.105679          3.41648
WEAPON2.bmp                -0.2569572          4.105679          3.41648
WEAPON3.bmp                -0.2569572          4.105679          3.41648
WEAPON4.bmp                -0.2569572          4.105679          3.41648
                 Condition1:CueClass1:Probe1
absneut3.bmp                       -0.267777
banana.bmp                         -0.267777
giraffe.bmp                        -0.267777
gripstrength.bmp                   -0.267777
TOOL1.bmp                          -0.267777
TOOL2.bmp                          -0.267777
TOOL3.bmp                          -0.267777
TOOL4.bmp                          -0.267777
WEAPON1.bmp                        -0.267777
WEAPON2.bmp                        -0.267777
WEAPON3.bmp                        -0.267777
WEAPON4.bmp                        -0.267777

attr(,"class")
[1] "coef.mer"
