Linear mixed model fit by REML t-tests use Satterthwaite approximations to
  degrees of freedom [lmerMod]
Formula: Probe.RT ~ CueClass * ProbeClass + (1 + ProbeClass | Subject) +  
    (1 | ProbeType)
   Data: dat.rt.GN

REML criterion at convergence: 82888.3

Scaled residuals: 
    Min      1Q  Median      3Q     Max 
-4.7266 -0.5601 -0.0017  0.5690  4.4479 

Random effects:
 Groups    Name             Variance Std.Dev. Corr 
 Subject   (Intercept)      1183.1   34.40         
           ProbeClassWeapon  554.3   23.54    -0.23
 ProbeType (Intercept)       102.3   10.11         
 Residual                   7124.4   84.41         
Number of obs: 7063, groups:  Subject, 38; ProbeType, 8

Fixed effects:
                      Estimate Std. Error       df t value Pr(>|t|)    
(Intercept)            399.987      6.612   33.000  60.491  < 2e-16 ***
CueClass1                2.389      1.006 6983.000   2.374 0.017605 *  
ProbeClass1             20.012      4.179    9.000   4.789 0.000905 ***
CueClass1:ProbeClass1    3.150      1.006 6982.000   3.131 0.001752 ** 
---
Signif. codes:  0 ‘***’ 0.001 ‘**’ 0.01 ‘*’ 0.05 ‘.’ 0.1 ‘ ’ 1

Correlation of Fixed Effects:
            (Intr) CClss1 PrbCl1
CueClass1    0.000              
ProbeClass1 -0.044  0.006       
CClss1:PrC1  0.004 -0.011 -0.001
[1] "________________________________________________________________________________________________"
$Subject
    ProbeClassWeapon (Intercept) CueClass1 ProbeClass1 CueClass1:ProbeClass1
6         23.5095230    393.5006  2.388773    20.01161              3.149725
8        -55.1227944    452.6184  2.388773    20.01161              3.149725
10       -17.8499959    419.6660  2.388773    20.01161              3.149725
12       -27.6846419    432.7989  2.388773    20.01161              3.149725
15        -5.4365002    375.5446  2.388773    20.01161              3.149725
16       -12.9542063    370.8327  2.388773    20.01161              3.149725
18        30.6753626    427.2472  2.388773    20.01161              3.149725
19        12.2945392    354.2994  2.388773    20.01161              3.149725
20        -0.6318856    363.6068  2.388773    20.01161              3.149725
24         3.0057705    371.3374  2.388773    20.01161              3.149725
28        -4.4374841    414.2755  2.388773    20.01161              3.149725
30        -9.3493322    325.4189  2.388773    20.01161              3.149725
40       -11.4740410    394.2463  2.388773    20.01161              3.149725
44        -6.3053759    446.5806  2.388773    20.01161              3.149725
47        39.2248836    397.8851  2.388773    20.01161              3.149725
49         4.2677121    393.1021  2.388773    20.01161              3.149725
51         0.2680032    387.9492  2.388773    20.01161              3.149725
53        10.0356757    433.0684  2.388773    20.01161              3.149725
55        25.7010091    350.5829  2.388773    20.01161              3.149725
58       -19.9700269    429.2362  2.388773    20.01161              3.149725
59         3.1846468    402.6844  2.388773    20.01161              3.149725
61         7.4832072    425.2744  2.388773    20.01161              3.149725
63        25.1486292    411.3714  2.388773    20.01161              3.149725
66         1.3022079    397.8964  2.388773    20.01161              3.149725
67        20.5173631    415.1457  2.388773    20.01161              3.149725
69       -26.5677439    382.1824  2.388773    20.01161              3.149725
71       -12.0784339    330.9435  2.388773    20.01161              3.149725
73        17.5002526    408.5834  2.388773    20.01161              3.149725
77         4.5352317    406.4488  2.388773    20.01161              3.149725
83        -4.4952478    385.3639  2.388773    20.01161              3.149725
85        21.5055129    429.2254  2.388773    20.01161              3.149725
87        21.7983521    355.3334  2.388773    20.01161              3.149725
91        16.3372960    401.2697  2.388773    20.01161              3.149725
92       -45.9983896    425.2102  2.388773    20.01161              3.149725
94       -21.0984979    388.2014  2.388773    20.01161              3.149725
96        22.4972248    423.7297  2.388773    20.01161              3.149725
98       -10.9580192    391.0872  2.388773    20.01161              3.149725
104      -18.3797866    485.7552  2.388773    20.01161              3.149725

$ProbeType
                 ProbeClassWeapon (Intercept) CueClass1 ProbeClass1
absneut3.bmp                    0    390.8255  2.388773    20.01161
banana.bmp                      0    392.1878  2.388773    20.01161
giraffe.bmp                     0    397.7134  2.388773    20.01161
gripstrength.bmp                0    419.2211  2.388773    20.01161
WEAPON1.bmp                     0    399.8840  2.388773    20.01161
WEAPON2.bmp                     0    405.5929  2.388773    20.01161
WEAPON3.bmp                     0    396.2365  2.388773    20.01161
WEAPON4.bmp                     0    398.2343  2.388773    20.01161
                 CueClass1:ProbeClass1
absneut3.bmp                  3.149725
banana.bmp                    3.149725
giraffe.bmp                   3.149725
gripstrength.bmp              3.149725
WEAPON1.bmp                   3.149725
WEAPON2.bmp                   3.149725
WEAPON3.bmp                   3.149725
WEAPON4.bmp                   3.149725

attr(,"class")
[1] "coef.mer"
