Generalized linear mixed model fit by maximum likelihood (Laplace Approximation) [
glmerMod]
 Family: binomial  ( logit )
Formula: Probe.ACC ~ CueClass * Probe + (1 + Probe | Subject) + (1 | ProbeType)
   Data: dat.acc.GN

     AIC      BIC   logLik deviance df.resid 
  8258.8   8314.8  -4121.4   8242.8     8059 

Scaled residuals: 
    Min      1Q  Median      3Q     Max 
-6.4544  0.2072  0.4396  0.5738  1.7305 

Random effects:
 Groups    Name        Variance Std.Dev. Corr 
 Subject   (Intercept) 0.4915   0.7011        
           ProbeWeapon 0.2594   0.5093   -0.52
 ProbeType (Intercept) 0.1644   0.4054        
Number of obs: 8067, groups:  Subject, 38; ProbeType, 8

Fixed effects:
                  Estimate Std. Error z value Pr(>|z|)    
(Intercept)       1.303342   0.176618   7.379 1.59e-13 ***
CueClass1        -0.009457   0.027605  -0.343    0.732    
Probe1            0.027716   0.152123   0.182    0.855    
CueClass1:Probe1 -0.124434   0.027605  -4.508 6.56e-06 ***
---
Signif. codes:  0 ‘***’ 0.001 ‘**’ 0.01 ‘*’ 0.05 ‘.’ 0.1 ‘ ’ 1

Correlation of Fixed Effects:
            (Intr) CClss1 Probe1
CueClass1    0.000              
Probe1       0.031 -0.010       
CClss1:Prb1 -0.009  0.095 -0.001
[1] "________________________________________________________________________________________________"
$Subject
     ProbeWeapon (Intercept)    CueClass1     Probe1 CueClass1:Probe1
6   -0.552143173  1.90030079 -0.009457358 0.02771576       -0.1244338
8    1.265215730  0.14538843 -0.009457358 0.02771576       -0.1244338
10   0.371964649  1.49144967 -0.009457358 0.02771576       -0.1244338
12   0.531262252  0.84925136 -0.009457358 0.02771576       -0.1244338
15   0.022773513  0.68727071 -0.009457358 0.02771576       -0.1244338
16  -0.171161184  0.75612465 -0.009457358 0.02771576       -0.1244338
18  -0.398451026  2.51232840 -0.009457358 0.02771576       -0.1244338
19  -0.397908491  0.85772219 -0.009457358 0.02771576       -0.1244338
20  -0.563758661  1.65751058 -0.009457358 0.02771576       -0.1244338
24   0.921385789  0.02060363 -0.009457358 0.02771576       -0.1244338
28   0.078217009  2.04248417 -0.009457358 0.02771576       -0.1244338
30   0.103543126  0.61829149 -0.009457358 0.02771576       -0.1244338
40  -0.334711836  1.07987506 -0.009457358 0.02771576       -0.1244338
44   0.007235140  1.18856959 -0.009457358 0.02771576       -0.1244338
47  -0.044646365  3.11737597 -0.009457358 0.02771576       -0.1244338
49   0.349890553  0.96108422 -0.009457358 0.02771576       -0.1244338
51   0.413074160  1.81037624 -0.009457358 0.02771576       -0.1244338
53  -0.414211662  1.35459766 -0.009457358 0.02771576       -0.1244338
55  -0.143060433  1.15176247 -0.009457358 0.02771576       -0.1244338
58  -0.014666565  1.23682327 -0.009457358 0.02771576       -0.1244338
59   0.276360272  0.94394967 -0.009457358 0.02771576       -0.1244338
61   0.032033374  1.29101601 -0.009457358 0.02771576       -0.1244338
63   0.043567336  2.05566470 -0.009457358 0.02771576       -0.1244338
66  -0.450343834  1.74507022 -0.009457358 0.02771576       -0.1244338
67   0.193561290  2.00858892 -0.009457358 0.02771576       -0.1244338
69  -0.152304419  0.78955383 -0.009457358 0.02771576       -0.1244338
71   0.006424375  0.75463214 -0.009457358 0.02771576       -0.1244338
73  -0.336472480  2.04197975 -0.009457358 0.02771576       -0.1244338
77   0.347893350  1.18682827 -0.009457358 0.02771576       -0.1244338
83  -0.587071994  1.33455311 -0.009457358 0.02771576       -0.1244338
85  -0.160387969  1.33187594 -0.009457358 0.02771576       -0.1244338
87  -0.487188339  1.06854610 -0.009457358 0.02771576       -0.1244338
91  -0.111982474  1.86705034 -0.009457358 0.02771576       -0.1244338
92   0.752104336 -0.06589253 -0.009457358 0.02771576       -0.1244338
94   0.177889781  1.15748241 -0.009457358 0.02771576       -0.1244338
96  -0.388829256  1.77429716 -0.009457358 0.02771576       -0.1244338
98  -0.133705589  1.23442700 -0.009457358 0.02771576       -0.1244338
104 -0.018234542  1.37003823 -0.009457358 0.02771576       -0.1244338

$ProbeType
                 ProbeWeapon (Intercept)    CueClass1     Probe1 CueClass1:Probe1
absneut3.bmp               0   1.7538794 -0.009457358 0.02771576       -0.1244338
banana.bmp                 0   1.4404589 -0.009457358 0.02771576       -0.1244338
giraffe.bmp                0   1.5967513 -0.009457358 0.02771576       -0.1244338
gripstrength.bmp           0   0.3785388 -0.009457358 0.02771576       -0.1244338
WEAPON1.bmp                0   1.3183870 -0.009457358 0.02771576       -0.1244338
WEAPON2.bmp                0   1.1844371 -0.009457358 0.02771576       -0.1244338
WEAPON3.bmp                0   1.2932379 -0.009457358 0.02771576       -0.1244338
WEAPON4.bmp                0   1.3810977 -0.009457358 0.02771576       -0.1244338

attr(,"class")
[1] "coef.mer"
