Generalized linear mixed model fit by maximum likelihood (Laplace Approximation) [
glmerMod]
 Family: binomial  ( logit )
Formula: Probe.ACC ~ CueClass * Probe + (1 + Probe | Subject) + (1 | ProbeType)
   Data: dat.acc.GT

     AIC      BIC   logLik deviance df.resid 
  3453.0   3502.1  -1718.5   3437.0     3412 

Scaled residuals: 
    Min      1Q  Median      3Q     Max 
-3.8037  0.2788  0.4447  0.5477  1.0189 

Random effects:
 Groups    Name        Variance Std.Dev. Corr
 Subject   (Intercept) 0.1535   0.3918       
           ProbeWeapon 0.1171   0.3422   0.73
 ProbeType (Intercept) 0.1133   0.3367       
Number of obs: 3420, groups:  Subject, 33; ProbeType, 8

Fixed effects:
                 Estimate Std. Error z value Pr(>|z|)    
(Intercept)       1.37559    0.15735   8.742  < 2e-16 ***
CueClass1         0.07458    0.04287   1.740  0.08189 .  
Probe1           -0.07241    0.13090  -0.553  0.58014    
CueClass1:Probe1 -0.13078    0.04286  -3.051  0.00228 ** 
---
Signif. codes:  0 ‘***’ 0.001 ‘**’ 0.01 ‘*’ 0.05 ‘.’ 0.1 ‘ ’ 1

Correlation of Fixed Effects:
            (Intr) CClss1 Probe1
CueClass1    0.015              
Probe1      -0.119 -0.020       
CClss1:Prb1 -0.017 -0.001  0.017
[1] "________________________________________________________________________________________________"
$Subject
     ProbeWeapon (Intercept)  CueClass1      Probe1 CueClass1:Probe1
3    0.004877544   1.3148626 0.07458075 -0.07240995       -0.1307793
13  -0.334780332   0.7856609 0.07458075 -0.07240995       -0.1307793
16   0.089626385   1.3911718 0.07458075 -0.07240995       -0.1307793
17  -0.122054825   1.0263774 0.07458075 -0.07240995       -0.1307793
27  -0.132744860   1.1525179 0.07458075 -0.07240995       -0.1307793
29   0.071863706   1.5128761 0.07458075 -0.07240995       -0.1307793
33   0.078864652   1.4263198 0.07458075 -0.07240995       -0.1307793
37  -0.309757332   1.1458487 0.07458075 -0.07240995       -0.1307793
39   0.156567444   1.5458511 0.07458075 -0.07240995       -0.1307793
41   0.397597545   1.8426824 0.07458075 -0.07240995       -0.1307793
43  -0.457158700   0.9850070 0.07458075 -0.07240995       -0.1307793
45  -0.183820427   1.2561087 0.07458075 -0.07240995       -0.1307793
48   0.214094536   1.6338524 0.07458075 -0.07240995       -0.1307793
50  -0.185332598   1.2035036 0.07458075 -0.07240995       -0.1307793
52  -0.074832370   1.4163520 0.07458075 -0.07240995       -0.1307793
56   0.161287020   1.5936843 0.07458075 -0.07240995       -0.1307793
57  -0.524773331   0.8755171 0.07458075 -0.07240995       -0.1307793
60   0.271757210   1.8353362 0.07458075 -0.07240995       -0.1307793
62  -0.407359835   0.9641590 0.07458075 -0.07240995       -0.1307793
64   0.446143188   1.9164617 0.07458075 -0.07240995       -0.1307793
70   0.198009573   1.6836854 0.07458075 -0.07240995       -0.1307793
72   0.038577194   1.2793509 0.07458075 -0.07240995       -0.1307793
80   0.472691745   2.0418700 0.07458075 -0.07240995       -0.1307793
84  -0.054214164   1.3203532 0.07458075 -0.07240995       -0.1307793
90  -0.082906315   1.1956458 0.07458075 -0.07240995       -0.1307793
93  -0.193633949   1.0943439 0.07458075 -0.07240995       -0.1307793
95   0.647007907   2.2258999 0.07458075 -0.07240995       -0.1307793
99  -0.015654657   1.2097449 0.07458075 -0.07240995       -0.1307793
101 -0.022710572   1.2671600 0.07458075 -0.07240995       -0.1307793
103 -0.141214369   1.2329329 0.07458075 -0.07240995       -0.1307793
105  0.241963849   1.6017142 0.07458075 -0.07240995       -0.1307793
110 -0.069316292   1.2322857 0.07458075 -0.07240995       -0.1307793
162 -0.320239961   1.0099204 0.07458075 -0.07240995       -0.1307793

$ProbeType
            ProbeWeapon (Intercept)  CueClass1      Probe1 CueClass1:Probe1
TOOL1.bmp             0   0.7419802 0.07458075 -0.07240995       -0.1307793
TOOL2.bmp             0   1.7336904 0.07458075 -0.07240995       -0.1307793
TOOL3.bmp             0   1.6148991 0.07458075 -0.07240995       -0.1307793
TOOL4.bmp             0   1.3836356 0.07458075 -0.07240995       -0.1307793
WEAPON1.bmp           0   1.1203493 0.07458075 -0.07240995       -0.1307793
WEAPON2.bmp           0   1.2450036 0.07458075 -0.07240995       -0.1307793
WEAPON3.bmp           0   1.6626939 0.07458075 -0.07240995       -0.1307793
WEAPON4.bmp           0   1.4122264 0.07458075 -0.07240995       -0.1307793

attr(,"class")
[1] "coef.mer"
